1 35 35 2
2 41 49 2
3 35 17 2
4 55 45 2
5 55 20 2
6 15 30 2
7 25 30 2
8 20 50 2
9 10 43 2
10 55 60 2
11 30 60 2
12 20 65 2
13 50 35 2
14 30 25 2
15 15 10 2
16 30 5 2
17 10 20 2
18 5 30 2
19 20 40 2
20 15 60 2
21 45 65 2
22 45 20 2
23 45 10 2
24 55 5 2
25 65 35 2
26 65 20 2
27 45 30 2
28 35 40 2
29 41 37 2
30 64 42 2
31 40 60 2
32 31 52 2
33 35 69 2
34 53 52 2
35 65 55 2
36 63 65 2
37 2 60 2
38 20 20 2
39 5 5 2
40 60 12 2
41 40 25 2
42 42 7 2
43 24 12 2
44 23 3 2
45 11 14 2
46 6 38 2
47 2 48 2
48 8 56 2
49 13 52 2
50 6 68 2
51 47 47 2
52 49 58 2
53 27 43 2
54 37 31 2
55 57 29 2
56 63 23 2
57 53 12 2
58 32 12 2
59 36 26 2
60 21 24 2
61 17 34 2
62 12 24 2
63 24 58 2
64 27 69 2
65 15 77 2
66 62 77 2
67 49 73 2
68 67 5 2
69 56 39 2
70 37 47 2
71 37 56 2
72 57 68 2
73 47 16 2
74 44 17 2
75 46 13 2
76 49 11 2
77 49 42 2
78 53 43 2
79 61 52 2
80 57 48 2
81 56 37 2
82 55 54 2
83 15 47 2
84 14 37 2
85 11 31 2
86 16 22 2
87 4 18 2
88 28 18 2
89 26 52 2
90 26 35 2
91 31 67 2
92 15 19 2
93 22 22 2
94 18 24 2
95 26 27 2
96 25 24 2
97 22 27 2
98 25 21 2
99 19 21 2
100 20 26 2
